# b036378.txt - Table of n, a(n) for n=0..91 - Ray Chandler, Aug 19 2021
0 1
1 1
2 2
3 2
4 5
5 7
6 13
7 23
8 43
9 75
10 137
11 255
12 464
13 872
14 1612
15 3030
16 5709
17 10749
18 20390
19 38635
20 73586
21 140336
22 268216
23 513708
24 985818
25 1894120
26 3645744
27 7027290
28 13561907
29 26207278
30 50697537
31 98182656
32 190335585
33 369323305
34 717267168
35 1394192236
36 2712103833
37 5279763824
38 10285641778
39 20051180846
40 39113482640
41 76344462797
42 149100679004
43 291354668495
44 569630404450
45 1114251967767
46 2180634225768
47 4269555883753
48 8363243713308
49 16388947026629
50 32129520311897
51 63012603695171
52 123627200537929
53 242637500756380
54 476379740340417
55 935609435783649
56 1838131803685114
57 3612389083130026
58 7101392627457670
59 13964301601651670
60 27467389548130805
61 54042323540385838
62 106356804267969411
63 209366672181778359
64 412246861431389469
65 811916554998178377
66 1599434686587771626
67 3151517210492380591
68 6211093021215415074
69 12243590744602332913
70 24140116236766772570
71 47605503594945728492
72 93898748206252718746
73 185244341536371703995
74 365519356203040503887
75 721363146013769525252
76 1423880713902358315181
77 2811042267897389798956
78 5550515966179418056507
79 10961493274501708396465
80 21650838163312025150648
81 42770727643046950718380
82 84505283950928880912156
83 166987829898286856249656
84 330025873121725808464878
85 652336840710580659794493
86 1289600404574372450581584
87 2549742890774213099388415
88 5041900556537023017546286
89 9971202736892877567950996
90 19722182445893026483918920
91 39013540330308137681522090
